35 17
45 36 9
19 77 92 10
11 65
30 75 12
13 40
23 14
15
16 70 78 90 75 99 133 39
27 18 2
2
20 65
30 75 21
22 31
6
24 33 42
25
26 35
9
123 2
29 74
94 103
6
14 68 32
15 33 42
34
17
9
92
124 135 38
12 48 39
49
68 50 23
7
43 52
44 53
1
46 114
93 56 139 47
30
31 132
14 32 68 50
33 51

35
54 1 72
99
99
66 4 138 113
22 67
59 68 23 41 7 32
79 69 60
61
62 71
1 63
92
133
126
77 134
6
69 79
8
44 71
45
37 109
74 93
133 4 30
76 86
78 32 23
7
80
81 91
45 82 4
126
84 124
4 30 12
67 6
4
68
69 89
8
100 110
72
87
65
75 4 8
76 95
3
14 97
98 107
8
100 110
2 101
124 135 102
4
76 104
87
41 106 116
51
108 117 132 3 133
119
111 120
93 121 112
30 75 138
76 115
96
88
140
99
64
119
126
102
4
83
88
122
99
73 105
1
28 111
93
125 128
37 55
130 135 127
88
64 129 77
124
131
58 136
133

6 31
5 4
126
137
57 118
135 75
132
124 85

win 140 131 43
lose 134 127 125 121 119 117 113 109 108 106 98 94 90 84 80 73 69 61 59 57 44 39 36 33 28 26 14

